&INPUT
  flfrc = 'SiO2.fc'
  flfrq = 'SiO2.freq'
  fleig = 'SiO2.eig'
  flvec = 'SiO2.modes'
  q_in_band_form = .true.
/
        201
      0.0000000000    0.0000000000    0.0000000000    1.0
      0.0000000000    0.0089285714    0.0000000000    1.0
      0.0000000000    0.0178571429    0.0000000000    1.0
      0.0000000000    0.0267857143    0.0000000000    1.0
      0.0000000000    0.0357142857    0.0000000000    1.0
      0.0000000000    0.0446428571    0.0000000000    1.0
      0.0000000000    0.0535714286    0.0000000000    1.0
      0.0000000000    0.0625000000    0.0000000000    1.0
      0.0000000000    0.0714285714    0.0000000000    1.0
      0.0000000000    0.0803571429    0.0000000000    1.0
      0.0000000000    0.0892857143    0.0000000000    1.0
      0.0000000000    0.0982142857    0.0000000000    1.0
      0.0000000000    0.1071428571    0.0000000000    1.0
      0.0000000000    0.1160714286    0.0000000000    1.0
      0.0000000000    0.1250000000    0.0000000000    1.0
      0.0000000000    0.1339285714    0.0000000000    1.0
      0.0000000000    0.1428571429    0.0000000000    1.0
      0.0000000000    0.1517857143    0.0000000000    1.0
      0.0000000000    0.1607142857    0.0000000000    1.0
      0.0000000000    0.1696428571    0.0000000000    1.0
      0.0000000000    0.1785714286    0.0000000000    1.0
      0.0000000000    0.1875000000    0.0000000000    1.0
      0.0000000000    0.1964285714    0.0000000000    1.0
      0.0000000000    0.2053571429    0.0000000000    1.0
      0.0000000000    0.2142857143    0.0000000000    1.0
      0.0000000000    0.2232142857    0.0000000000    1.0
      0.0000000000    0.2321428571    0.0000000000    1.0
      0.0000000000    0.2410714286    0.0000000000    1.0
      0.0000000000    0.2500000000    0.0000000000    1.0
      0.0000000000    0.2589285714    0.0000000000    1.0
      0.0000000000    0.2678571429    0.0000000000    1.0
      0.0000000000    0.2767857143    0.0000000000    1.0
      0.0000000000    0.2857142857    0.0000000000    1.0
      0.0000000000    0.2946428571    0.0000000000    1.0
      0.0000000000    0.3035714286    0.0000000000    1.0
      0.0000000000    0.3125000000    0.0000000000    1.0
      0.0000000000    0.3214285714    0.0000000000    1.0
      0.0000000000    0.3303571429    0.0000000000    1.0
      0.0000000000    0.3392857143    0.0000000000    1.0
      0.0000000000    0.3482142857    0.0000000000    1.0
      0.0000000000    0.3571428571    0.0000000000    1.0
      0.0000000000    0.3660714286    0.0000000000    1.0
      0.0000000000    0.3750000000    0.0000000000    1.0
      0.0000000000    0.3839285714    0.0000000000    1.0
      0.0000000000    0.3928571429    0.0000000000    1.0
      0.0000000000    0.4017857143    0.0000000000    1.0
      0.0000000000    0.4107142857    0.0000000000    1.0
      0.0000000000    0.4196428571    0.0000000000    1.0
      0.0000000000    0.4285714286    0.0000000000    1.0
      0.0000000000    0.4375000000    0.0000000000    1.0
      0.0000000000    0.4464285714    0.0000000000    1.0
      0.0000000000    0.4553571429    0.0000000000    1.0
      0.0000000000    0.4642857143    0.0000000000    1.0
      0.0000000000    0.4732142857    0.0000000000    1.0
      0.0000000000    0.4821428571    0.0000000000    1.0
      0.0000000000    0.4910714286    0.0000000000    1.0
      0.0000000000    0.5000000000    0.0000000000    1.0
      0.0104166667    0.4895833333    0.0000000000    1.0
      0.0208333333    0.4791666667    0.0000000000    1.0
      0.0312500000    0.4687500000    0.0000000000    1.0
      0.0416666667    0.4583333333    0.0000000000    1.0
      0.0520833333    0.4479166667    0.0000000000    1.0
      0.0625000000    0.4375000000    0.0000000000    1.0
      0.0729166667    0.4270833333    0.0000000000    1.0
      0.0833333333    0.4166666667    0.0000000000    1.0
      0.0937500000    0.4062500000    0.0000000000    1.0
      0.1041666667    0.3958333333    0.0000000000    1.0
      0.1145833333    0.3854166667    0.0000000000    1.0
      0.1250000000    0.3750000000    0.0000000000    1.0
      0.1354166667    0.3645833333    0.0000000000    1.0
      0.1458333333    0.3541666667    0.0000000000    1.0
      0.1562500000    0.3437500000    0.0000000000    1.0
      0.1666666667    0.3333333333    0.0000000000    1.0
      0.1770833333    0.3229166667    0.0000000000    1.0
      0.1875000000    0.3125000000    0.0000000000    1.0
      0.1979166667    0.3020833333    0.0000000000    1.0
      0.2083333333    0.2916666667    0.0000000000    1.0
      0.2187500000    0.2812500000    0.0000000000    1.0
      0.2291666667    0.2708333333    0.0000000000    1.0
      0.2395833333    0.2604166667    0.0000000000    1.0
      0.2500000000    0.2500000000    0.0000000000    1.0
      0.2604166667    0.2395833333    0.0000000000    1.0
      0.2708333333    0.2291666667    0.0000000000    1.0
      0.2812500000    0.2187500000    0.0000000000    1.0
      0.2916666667    0.2083333333    0.0000000000    1.0
      0.3020833333    0.1979166667    0.0000000000    1.0
      0.3125000000    0.1875000000    0.0000000000    1.0
      0.3229166667    0.1770833333    0.0000000000    1.0
      0.3333333333    0.1666666667    0.0000000000    1.0
      0.3437500000    0.1562500000    0.0000000000    1.0
      0.3541666667    0.1458333333    0.0000000000    1.0
      0.3645833333    0.1354166667    0.0000000000    1.0
      0.3750000000    0.1250000000    0.0000000000    1.0
      0.3854166667    0.1145833333    0.0000000000    1.0
      0.3958333333    0.1041666667    0.0000000000    1.0
      0.4062500000    0.0937500000    0.0000000000    1.0
      0.4166666667    0.0833333333    0.0000000000    1.0
      0.4270833333    0.0729166667    0.0000000000    1.0
      0.4375000000    0.0625000000    0.0000000000    1.0
      0.4479166667    0.0520833333    0.0000000000    1.0
      0.4583333333    0.0416666667    0.0000000000    1.0
      0.4687500000    0.0312500000    0.0000000000    1.0
      0.4791666667    0.0208333333    0.0000000000    1.0
      0.4895833333    0.0104166667    0.0000000000    1.0
      0.5000000000    0.0000000000    0.0000000000    1.0
      0.4903846154    0.0000000000    0.0096153846    1.0
      0.4807692308    0.0000000000    0.0192307692    1.0
      0.4711538462    0.0000000000    0.0288461538    1.0
      0.4615384615    0.0000000000    0.0384615385    1.0
      0.4519230769    0.0000000000    0.0480769231    1.0
      0.4423076923    0.0000000000    0.0576923077    1.0
      0.4326923077    0.0000000000    0.0673076923    1.0
      0.4230769231    0.0000000000    0.0769230769    1.0
      0.4134615385    0.0000000000    0.0865384615    1.0
      0.4038461538    0.0000000000    0.0961538462    1.0
      0.3942307692    0.0000000000    0.1057692308    1.0
      0.3846153846    0.0000000000    0.1153846154    1.0
      0.3750000000    0.0000000000    0.1250000000    1.0
      0.3653846154    0.0000000000    0.1346153846    1.0
      0.3557692308    0.0000000000    0.1442307692    1.0
      0.3461538462    0.0000000000    0.1538461538    1.0
      0.3365384615    0.0000000000    0.1634615385    1.0
      0.3269230769    0.0000000000    0.1730769231    1.0
      0.3173076923    0.0000000000    0.1826923077    1.0
      0.3076923077    0.0000000000    0.1923076923    1.0
      0.2980769231    0.0000000000    0.2019230769    1.0
      0.2884615385    0.0000000000    0.2115384615    1.0
      0.2788461538    0.0000000000    0.2211538462    1.0
      0.2692307692    0.0000000000    0.2307692308    1.0
      0.2596153846    0.0000000000    0.2403846154    1.0
      0.2500000000    0.0000000000    0.2500000000    1.0
      0.2403846154    0.0000000000    0.2596153846    1.0
      0.2307692308    0.0000000000    0.2692307692    1.0
      0.2211538462    0.0000000000    0.2788461538    1.0
      0.2115384615    0.0000000000    0.2884615385    1.0
      0.2019230769    0.0000000000    0.2980769231    1.0
      0.1923076923    0.0000000000    0.3076923077    1.0
      0.1826923077    0.0000000000    0.3173076923    1.0
      0.1730769231    0.0000000000    0.3269230769    1.0
      0.1634615385    0.0000000000    0.3365384615    1.0
      0.1538461538    0.0000000000    0.3461538462    1.0
      0.1442307692    0.0000000000    0.3557692308    1.0
      0.1346153846    0.0000000000    0.3653846154    1.0
      0.1250000000    0.0000000000    0.3750000000    1.0
      0.1153846154    0.0000000000    0.3846153846    1.0
      0.1057692308    0.0000000000    0.3942307692    1.0
      0.0961538462    0.0000000000    0.4038461538    1.0
      0.0865384615    0.0000000000    0.4134615385    1.0
      0.0769230769    0.0000000000    0.4230769231    1.0
      0.0673076923    0.0000000000    0.4326923077    1.0
      0.0576923077    0.0000000000    0.4423076923    1.0
      0.0480769231    0.0000000000    0.4519230769    1.0
      0.0384615385    0.0000000000    0.4615384615    1.0
      0.0288461538    0.0000000000    0.4711538462    1.0
      0.0192307692    0.0000000000    0.4807692308    1.0
      0.0096153846    0.0000000000    0.4903846154    1.0
      0.0000000000    0.0000000000    0.5000000000    1.0
      0.0000000000    0.0000000000    0.4886363636    1.0
      0.0000000000    0.0000000000    0.4772727273    1.0
      0.0000000000    0.0000000000    0.4659090909    1.0
      0.0000000000    0.0000000000    0.4545454545    1.0
      0.0000000000    0.0000000000    0.4431818182    1.0
      0.0000000000    0.0000000000    0.4318181818    1.0
      0.0000000000    0.0000000000    0.4204545455    1.0
      0.0000000000    0.0000000000    0.4090909091    1.0
      0.0000000000    0.0000000000    0.3977272727    1.0
      0.0000000000    0.0000000000    0.3863636364    1.0
      0.0000000000    0.0000000000    0.3750000000    1.0
      0.0000000000    0.0000000000    0.3636363636    1.0
      0.0000000000    0.0000000000    0.3522727273    1.0
      0.0000000000    0.0000000000    0.3409090909    1.0
      0.0000000000    0.0000000000    0.3295454545    1.0
      0.0000000000    0.0000000000    0.3181818182    1.0
      0.0000000000    0.0000000000    0.3068181818    1.0
      0.0000000000    0.0000000000    0.2954545455    1.0
      0.0000000000    0.0000000000    0.2840909091    1.0
      0.0000000000    0.0000000000    0.2727272727    1.0
      0.0000000000    0.0000000000    0.2613636364    1.0
      0.0000000000    0.0000000000    0.2500000000    1.0
      0.0000000000    0.0000000000    0.2386363636    1.0
      0.0000000000    0.0000000000    0.2272727273    1.0
      0.0000000000    0.0000000000    0.2159090909    1.0
      0.0000000000    0.0000000000    0.2045454545    1.0
      0.0000000000    0.0000000000    0.1931818182    1.0
      0.0000000000    0.0000000000    0.1818181818    1.0
      0.0000000000    0.0000000000    0.1704545455    1.0
      0.0000000000    0.0000000000    0.1590909091    1.0
      0.0000000000    0.0000000000    0.1477272727    1.0
      0.0000000000    0.0000000000    0.1363636364    1.0
      0.0000000000    0.0000000000    0.1250000000    1.0
      0.0000000000    0.0000000000    0.1136363636    1.0
      0.0000000000    0.0000000000    0.1022727273    1.0
      0.0000000000    0.0000000000    0.0909090909    1.0
      0.0000000000    0.0000000000    0.0795454545    1.0
      0.0000000000    0.0000000000    0.0681818182    1.0
      0.0000000000    0.0000000000    0.0568181818    1.0
      0.0000000000    0.0000000000    0.0454545455    1.0
      0.0000000000    0.0000000000    0.0340909091    1.0
      0.0000000000    0.0000000000    0.0227272727    1.0
      0.0000000000    0.0000000000    0.0113636364    1.0
      0.0000000000    0.0000000000    0.0000000000    1.0
